Report for C:\Users\hahay\IdeaProjects\WhyAShark\smallFlows.pcap

Total number of packets in pcap                :     16637 
ARP packets                                    :        18 
TCP packets                                    :     14527 
SSL/TLS packets                                :      5619 
UDP packets                                    :      2052 
DNS packets                                    :       112 
HTTP packets                                   :      1157 
Number of  GET requests                        :       560 
Number of POST requests                        :        11 

TCP Flags distribution: 
SYN          :       443  3.05 % 
SYN ACK      :       409  2.82 % 
ACK          :      9103 62.66 % 
PSH ACK      :      3724 25.64 % 
FIN PSH ACK  :        17  0.12 % 
FIN ACK      :       729  5.02 % 
RST          :       102  0.70 % 

Found  262  images (images transferred over SSL/TLS not included): 
GIF    66 
PNG    4 
JPEG   192 

Servers'  ports used:


Client's  ports used:
53  67  68  80  137  138  139  161  443  445  1095  1863  1900  2151  2489  2498  2526  2527  
2528  2529  2531  2532  2535  2536  2537  2538  2539  2540  2542  2543  2544  2545  2546  2547  2548  2549  
2550  2551  2552  2553  2554  3192  3290  3544  4300  4813  5222  5228  5351  5355  5443  5480  6192  6536  
7001  7457  7704  7892  8395  8443  8984  9009  9113  9911  10616  10617  10618  10619  10620  10621  10622  10623  
10624  10625  10626  10627  10628  10629  10630  10631  10632  10633  10634  10635  10636  10637  10638  10639  10640  10641  
10642  10643  10646  10647  10648  10649  10650  10651  10652  10653  10654  10655  10658  10659  10661  10662  10664  10665  
10667  10668  10669  10670  10671  10672  10673  10674  10675  10676  10677  10678  10679  10682  10683  10684  10685  10686  
10687  10688  10689  10690  10691  10692  10693  10694  10695  10696  10697  10704  10705  10714  10848  11610  12350  13208  
13392  13899  14168  14487  16763  17500  17865  18165  21319  21363  21368  21827  22511  23389  23537  23852  23924  24506  
24884  25987  28376  29044  29080  29347  29464  30425  30757  31727  31783  32178  32291  32575  32683  33033  33453  33695  
34467  35777  35877  37499  38685  38843  38922  39109  39466  42304  42341  42403  42843  43187  43217  43400  43699  43708  
44386  44808  45156  45834  48240  48570  48575  49166  49206  49673  49796  50023  50289  50559  50583  50709  50917  50918  
50919  50920  50983  51491  52091  52104  52152  52201  52202  52203  52204  52205  52206  52207  52208  52209  52210  52211  
52212  52213  52214  52215  52248  52257  52266  52315  52399  52400  52402  52497  52634  52967  53679  53755  54002  54048  
54049  54052  54055  54600  54657  54795  54900  55062  55950  55953  55954  55955  55956  55957  55958  55959  55960  55961  
55962  55963  55966  55967  55968  55971  55972  55973  56012  56021  56022  56023  56026  56027  56028  56029  56030  56031  
56032  56033  56034  56035  56036  56037  56038  56039  56040  56041  56042  56044  56048  56049  56050  56051  56052  56053  
56054  56055  56056  56057  56058  56059  56060  56061  56064  56065  56066  56067  56068  56069  56070  56073  56090  56091  
56092  56093  56110  56111  56112  56113  56126  56127  56128  56129  56132  56133  56134  56135  56136  56138  56139  56140  
56141  56160  56161  56163  56165  56166  56167  56168  56169  56174  56175  56194  56213  56214  56233  56234  56235  56236  
56255  56256  56257  56259  56292  56295  56313  56314  56317  56318  56319  56320  56323  56324  56325  56326  56327  56328  
56331  56332  56351  56356  56357  56358  56359  56360  56361  56362  56363  56368  56369  56379  56386  56401  56406  56407  
56408  56411  56414  56415  56416  56417  56418  56419  56420  56421  56422  56423  56424  56427  56428  56429  56430  56433  
56434  56435  56436  56438  56454  56455  56456  56457  56476  56477  56478  56479  56494  56495  56497  56499  56500  56501  
56502  56503  56504  56505  56506  56509  56510  56511  57011  57024  57032  57038  57058  57071  57121  57145  57147  57149  
57150  57173  57174  57176  57180  57186  57191  57192  57198  57201  57202  57203  57204  57205  57213  57229  57230  57231  
57233  57242  57243  57244  57245  57246  57247  57248  57249  57250  57524  57632  57721  57757  57838  57839  57847  57878  
57879  57880  57881  57882  57883  57884  57885  57886  57887  57888  57889  57890  57891  57892  57893  57894  57895  57896  
57897  57898  57899  57900  57901  57902  57949  58164  58264  58265  58272  58303  58304  58305  58310  58327  58350  58351  
58352  58353  58360  58361  58362  58377  58378  58381  58388  58389  58410  58411  58416  58417  58434  58439  58440  58443  
58464  58485  58486  58487  58490  58511  58517  58542  58543  58544  58547  58608  58609  58666  58667  58668  58673  58737  
58750  58757  58766  58769  58770  58777  58786  58787  58788  58789  58790  58793  58794  58795  58796  58830  58831  58875  
58971  59023  59365  59468  59565  59566  59686  59794  59907  59919  60061  60231  60543  60571  60572  60573  60574  60576  
60579  60580  60581  60582  60583  60584  60585  60586  60587  60588  60589  60590  60591  60592  60593  60594  60595  60596  
60599  60608  60609  60610  60611  60612  60613  60614  60615  60616  60617  60618  60619  60620  60621  60622  60623  60624  
60625  60626  60627  60628  60629  60630  60631  60633  60634  60635  60637  60638  60639  60640  60642  60643  60644  60645  
60647  60875  61009  61071  61133  61532  61863  61870  61993  61996  62206  62310  62446  62448  62599  62669  63208  63209  
63559  63560  63699  63700  63702  63802  63805  63955  63956  64228  64459  64588  64614  64634  64982  65186  65187  65188  
65492  
